    n | best_α | best_d |  min_c_log | witness_edges | total_K4free                                                                          
  -----------------------------------------------------------------                                                                          
    3 |      1 |      2 |     0.9618 |             3 |            8
    4 |      - |      - |          - |             - |           63                                                                          
    5 |      2 |      2 |     1.1542 |             4 |          958                                                                          
    6 |      2 |      2 |     0.9618 |             6 |        27626
    7 |      2 |      4 |     0.8244 |            11 |      1486597                                                                          
    8 |      2 |      4 |     0.7213 |            16 |         6431                                                                          
    9 |      3 |      2 |     0.9618 |             9 |       103164
   10 |      3 |      4 |     0.8656 |            14 |      2894632
