======================================================================
  K4-free graph enumeration (all graphs, including disconnected)
  n = 4 to 10
  Goal: min alpha(G) for each (n, d) pair, d = max degree
  Backend: /home/adity/micromamba/envs/brute_force_k4/src/nauty2_9_3/geng
  Storing graphs  -> ./k4free_db/k4free_n<N>.pkl
======================================================================

n = 4: 10 graphs in 0.04s
   -> saved 9 graphs to ./k4free_db/k4free_n4.pkl

n = 5: 29 graphs in 0.01s
   -> saved 28 graphs to ./k4free_db/k4free_n5.pkl

n = 6: 120 graphs in 0.01s
   -> saved 119 graphs to ./k4free_db/k4free_n6.pkl

n = 7: 685 graphs in 0.11s
   -> saved 684 graphs to ./k4free_db/k4free_n7.pkl

n = 8: 6431 graphs in 0.95s
   -> saved 6430 graphs to ./k4free_db/k4free_n8.pkl

n = 9: 103164 graphs in 19.13s
   -> saved 103163 graphs to ./k4free_db/k4free_n9.pkl

n = 10: 2894632 graphs in 1215.11s
   -> saved 2894631 graphs to ./k4free_db/k4free_n10.pkl

======================================================================
  MIN ALPHA PER (n, d) PAIR
  (minimum independent set size over all K4-free graphs with
   n vertices and max-degree d)
======================================================================
    n     d  min_alpha  bound n*ln(d)/d    ratio
  -------------------------------------------------------
    4     1          2              inf      inf
    4     2          2           1.3863   1.4427
    4     3          2           1.4648   1.3654
    5     1          3              inf      inf
    5     2          2           1.7329   1.1542
    5     3          2           1.8310   1.0923
    5     4          2           1.7329   1.1542
    6     1          3              inf      inf
    6     2          2           2.0794   0.9618
    6     3          2           2.1972   0.9102
    6     4          2           2.0794   0.9618
    6     5          2           1.9313   1.0356
    7     1          4              inf      inf
    7     2          3           2.4260   1.2366
    7     3          3           2.5634   1.1703
    7     4          2           2.4260   0.8244
    7     5          2           2.2532   0.8876
    7     6          3           2.0904   1.4351
    8     1          4              inf      inf
    8     2          3           2.7726   1.0820
    8     3          3           2.9296   1.0240
    8     4          2           2.7726   0.7213
    8     5          2           2.5751   0.7767
    8     6          3           2.3890   1.2557
    8     7          3           2.2239   1.3490
    9     1          5              inf      inf
    9     2          3           3.1192   0.9618
    9     3          3           3.2958   0.9102
    9     4          3           3.1192   0.9618
    9     5          3           2.8970   1.0356
    9     6          3           2.6876   1.1162
    9     7          3           2.5019   1.1991
    9     8          3           2.3394   1.2824
   10     1          5              inf      inf
   10     2          4           3.4657   1.1542
   10     3          4           3.6620   1.0923
   10     4          3           3.4657   0.8656
   10     5          3           3.2189   0.9320
   10     6          3           2.9863   1.0046
   10     7          3           2.7799   1.0792
   10     8          3           2.5993   1.1542
   10     9          4           2.4414   1.6384

======================================================================
  ALL (n, d, alpha) TRIPLES  [sorted by (n, d, alpha)]
  (#graphs = number of non-isomorphic K4-free graphs achieving
   this exact triple; min marker shows the minimum alpha for (n,d))
======================================================================
    n     d  alpha  #graphs     bound    ratio  note
  ------------------------------------------------------------
    4     1      2        1       inf      inf  <-- min
    4     1      3        1       inf      inf
    4     2      2        3    1.3863   1.4427  <-- min
    4     2      3        1    1.3863   2.1640
    4     3      2        2    1.4648   1.3654  <-- min
    4     3      3        1    1.4648   2.0480
    5     1      3        1       inf      inf  <-- min
    5     1      4        1       inf      inf
    5     2      2        2    1.7329   1.1542  <-- min
    5     2      3        5    1.7329   1.7312
    5     2      4        1    1.7329   2.3083
    5     3      2        4    1.8310   1.0923  <-- min
    5     3      3        6    1.8310   1.6384
    5     3      4        1    1.8310   2.1846
    5     4      2        3    1.7329   1.1542  <-- min
    5     4      3        3    1.7329   1.7312
    5     4      4        1    1.7329   2.3083
    6     1      3        1       inf      inf  <-- min
    6     1      4        1       inf      inf
    6     1      5        1       inf      inf
    6     2      2        1    2.0794   0.9618  <-- min
    6     2      3        7    2.0794   1.4427
    6     2      4        6    2.0794   1.9236
    6     2      5        1    2.0794   2.4045
    6     3      2        4    2.1972   0.9102  <-- min
    6     3      3       26    2.1972   1.3654
    6     3      4       10    2.1972   1.8205
    6     3      5        1    2.1972   2.2756
    6     4      2        9    2.0794   0.9618  <-- min
    6     4      3       27    2.0794   1.4427
    6     4      4        9    2.0794   1.9236
    6     4      5        1    2.0794   2.4045
    6     5      2        1    1.9313   1.0356  <-- min
    6     5      3        8    1.9313   1.5533
    6     5      4        4    1.9313   2.0711
    6     5      5        1    1.9313   2.5889
    7     1      4        1       inf      inf  <-- min
    7     1      5        1       inf      inf
    7     1      6        1       inf      inf
    7     2      3        6    2.4260   1.2366  <-- min
    7     2      4       12    2.4260   1.6488
    7     2      5        6    2.4260   2.0610
    7     2      6        1    2.4260   2.4732
    7     3      3       45    2.5634   1.1703  <-- min
    7     3      4       59    2.5634   1.5604
    7     3      5       12    2.5634   1.9505
    7     3      6        1    2.5634   2.3406
    7     4      2        6    2.4260   0.8244  <-- min
    7     4      3      179    2.4260   1.2366
    7     4      4      107    2.4260   1.6488
    7     4      5       15    2.4260   2.0610
    7     4      6        1    2.4260   2.4732
    7     5      2        3    2.2532   0.8876  <-- min
    7     5      3      108    2.2532   1.3314
    7     5      4       69    2.2532   1.7752
    7     5      5       12    2.2532   2.2191
    7     5      6        1    2.2532   2.6629
    7     6      3       15    2.0904   1.4351  <-- min
    7     6      4       17    2.0904   1.9135
    7     6      5        5    2.0904   2.3919
    7     6      6        1    2.0904   2.8703
    8     1      4        1       inf      inf  <-- min
    8     1      5        1       inf      inf
    8     1      6        1       inf      inf
    8     1      7        1       inf      inf
    8     2      3        2    2.7726   1.0820  <-- min
    8     2      4       18    2.7726   1.4427
    8     2      5       14    2.7726   1.8034
    8     2      6        6    2.7726   2.1640
    8     2      7        1    2.7726   2.5247
    8     3      3       43    2.9296   1.0240  <-- min
    8     3      4      219    2.9296   1.3654
    8     3      5       91    2.9296   1.7067
    8     3      6       13    2.9296   2.0480
    8     3      7        1    2.9296   2.3894
    8     4      2        1    2.7726   0.7213  <-- min
    8     4      3      568    2.7726   1.0820
    8     4      4     1143    2.7726   1.4427
    8     4      5      223    2.7726   1.8034
    8     4      6       19    2.7726   2.1640
    8     4      7        1    2.7726   2.5247
    8     5      2        2    2.5751   0.7767  <-- min
    8     5      3     1174    2.5751   1.1650
    8     5      4     1500    2.5751   1.5533
    8     5      5      260    2.5751   1.9417
    8     5      6       20    2.5751   2.3300
    8     5      7        1    2.5751   2.7183
    8     6      3      280    2.3890   1.2557  <-- min
    8     6      4      566    2.3890   1.6743
    8     6      5      137    2.3890   2.0929
    8     6      6       15    2.3890   2.5115
    8     6      7        1    2.3890   2.9301
    8     7      3        9    2.2239   1.3490  <-- min
    8     7      4       62    2.2239   1.7986
    8     7      5       29    2.2239   2.2483
    8     7      6        6    2.2239   2.6980
    8     7      7        1    2.2239   3.1476
    9     1      5        1       inf      inf  <-- min
    9     1      6        1       inf      inf
    9     1      7        1       inf      inf
    9     1      8        1       inf      inf
    9     2      3        1    3.1192   0.9618  <-- min
    9     2      4       13    3.1192   1.2824
    9     2      5       29    3.1192   1.6030
    9     2      6       15    3.1192   1.9236
    9     2      7        6    3.1192   2.2442
    9     2      8        1    3.1192   2.5648
    9     3      3       12    3.2958   0.9102  <-- min
    9     3      4      438    3.2958   1.2137
    9     3      5      500    3.2958   1.5171
    9     3      6      108    3.2958   1.8205
    9     3      7       13    3.2958   2.1239
    9     3      8        1    3.2958   2.4273
    9     4      3      916    3.1192   0.9618  <-- min
    9     4      4     8490    3.1192   1.2824
    9     4      5     3563    3.1192   1.6030
    9     4      6      342    3.1192   1.9236
    9     4      7       21    3.1192   2.2442
    9     4      8        1    3.1192   2.5648
    9     5      3     7744    2.8970   1.0356  <-- min
    9     5      4    31353    2.8970   1.3807
    9     5      5     7697    2.8970   1.7259
    9     5      6      557    2.8970   2.0711
    9     5      7       26    2.8970   2.4163
    9     5      8        1    2.8970   2.7615
    9     6      3     5733    2.6876   1.1162  <-- min
    9     6      4    22336    2.6876   1.4883
    9     6      5     6131    2.6876   1.8604
    9     6      6      504    2.6876   2.2324
    9     6      7       25    2.6876   2.6045
    9     6      8        1    2.6876   2.9766
    9     7      3      292    2.5019   1.1991  <-- min
    9     7      4     3814    2.5019   1.5988
    9     7      5     1814    2.5019   1.9985
    9     7      6      232    2.5019   2.3982
    9     7      7       18    2.5019   2.7979
    9     7      8        1    2.5019   3.1976
    9     8      3        3    2.3394   1.2824  <-- min
    9     8      4      176    2.3394   1.7099
    9     8      5      177    2.3394   2.1373
    9     8      6       46    2.3394   2.5648
    9     8      7        7    2.3394   2.9923
    9     8      8        1    2.3394   3.4197
   10     1      5        1       inf      inf  <-- min
   10     1      6        1       inf      inf
   10     1      7        1       inf      inf
   10     1      8        1       inf      inf
   10     1      9        1       inf      inf
   10     2      4        7    3.4657   1.1542  <-- min
   10     2      5       36    3.4657   1.4427
   10     2      6       35    3.4657   1.7312
   10     2      7       15    3.4657   2.0198
   10     2      8        6    3.4657   2.3083
   10     2      9        1    3.4657   2.5969
   10     3      4      511    3.6620   1.0923  <-- min
   10     3      5     1965    3.6620   1.3654
   10     3      6      773    3.6620   1.6384
   10     3      7      116    3.6620   1.9115
   10     3      8       13    3.6620   2.1846
   10     3      9        1    3.6620   2.4576
   10     4      3      370    3.4657   0.8656  <-- min
   10     4      4    42814    3.4657   1.1542
   10     4      5    48917    3.4657   1.4427
   10     4      6     7077    3.4657   1.7312
   10     4      7      423    3.4657   2.0198
   10     4      8       22    3.4657   2.3083
   10     4      9        1    3.4657   2.5969
   10     5      3    24420    3.2189   0.9320  <-- min
   10     5      4   537879    3.2189   1.2427
   10     5      5   270788    3.2189   1.5533
   10     5      6    22535    3.2189   1.8640
   10     5      7      887    3.2189   2.1747
   10     5      8       30    3.2189   2.4853
   10     5      9        1    3.2189   2.7960
   10     6      3    68363    2.9863   1.0046  <-- min
   10     6      4   932665    2.9863   1.3395
   10     6      5   379277    2.9863   1.6743
   10     6      6    30295    2.9863   2.0092
   10     6      7     1109    2.9863   2.3441
   10     6      8       33    2.9863   2.6789
   10     6      9        1    2.9863   3.0138
   10     7      3    10471    2.7799   1.0792  <-- min
   10     7      4   277823    2.7799   1.4389
   10     7      5   164613    2.7799   1.7986
   10     7      6    17787    2.7799   2.1584
   10     7      7      845    2.7799   2.5181
   10     7      8       30    2.7799   2.8778
   10     7      9        1    2.7799   3.2376
   10     8      3       82    2.5993   1.1542  <-- min
   10     8      4    19887    2.5993   1.5389
   10     8      5    24834    2.5993   1.9236
   10     8      6     4587    2.5993   2.3083
   10     8      7      361    2.5993   2.6930
   10     8      8       21    2.5993   3.0777
   10     8      9        1    2.5993   3.4625
   10     9      4      290    2.4414   1.6384  <-- min
   10     9      5     1117    2.4414   2.0480
   10     9      6      414    2.4414   2.4576
   10     9      7       67    2.4414   2.8673
   10     9      8        8    2.4414   3.2769
   10     9      9        1    2.4414   3.6865

======================================================================
  SUMMARY
======================================================================
  n=4: 10 non-isomorphic K4-free graphs
  n=5: 29 non-isomorphic K4-free graphs
  n=6: 120 non-isomorphic K4-free graphs
  n=7: 685 non-isomorphic K4-free graphs
  n=8: 6431 non-isomorphic K4-free graphs
  n=9: 103164 non-isomorphic K4-free graphs
  n=10: 2894632 non-isomorphic K4-free graphs

  Total graphs : 3005071
  Unique (n,d) pairs: 42
  Unique (n,d,alpha) triples: 201

  Violations of min_alpha >= n*ln(d)/d  (c=1): 12
    n=8, d=4: min_alpha=2, bound=2.7726, ratio=0.7213
    n=8, d=5: min_alpha=2, bound=2.5751, ratio=0.7767
    n=7, d=4: min_alpha=2, bound=2.4260, ratio=0.8244
    n=10, d=4: min_alpha=3, bound=3.4657, ratio=0.8656
    n=7, d=5: min_alpha=2, bound=2.2532, ratio=0.8876
    n=6, d=3: min_alpha=2, bound=2.1972, ratio=0.9102
    n=9, d=3: min_alpha=3, bound=3.2958, ratio=0.9102
    n=10, d=5: min_alpha=3, bound=3.2189, ratio=0.9320
    n=6, d=2: min_alpha=2, bound=2.0794, ratio=0.9618
    n=6, d=4: min_alpha=2, bound=2.0794, ratio=0.9618
    n=9, d=2: min_alpha=3, bound=3.1192, ratio=0.9618
    n=9, d=4: min_alpha=3, bound=3.1192, ratio=0.9618
